"p1" "p2" "p3" "p4" "p5" "p6" "p7" "p8" "p9" "p10" "p11" "class"
"1" 0.00129380097010234 0.0202365183562224 0.000169145321302011 0.00141703417670232 0.000101232840331829 0.96861907722154 0.000141089858805317 0.000478887624793531 0.000402873699445345 9.89785686435205e-05 0.00704136136211195 6
"2" 0.00369819168280413 0.942220306894255 0.000280853671359501 0.00713327988476036 0.000333667711531481 0.0105409675665243 0.000275885397360509 0.0228265277356397 0.0025968214962946 0.000275970487524855 0.00981752747194567 2
"3" 0.00639292001601455 0.896281900754873 0.000490194669287196 0.0139917893439579 0.000628396576411249 0.0211993881495218 0.000476188885841204 0.0380461812049958 0.00433109979459853 0.000530069349698214 0.0176318712547999 2
"4" 0.0283254170735568 0.0292252929127945 0.00140272394292642 0.112414361575895 0.00283199075078217 0.00470133982973665 0.00152965075048448 0.729358725020893 0.0438937918722192 0.00244909969516088 0.0438676065755506 8
"5" 0.0244461486154542 0.0285949361080017 0.00126953303859512 0.127180529831715 0.00291352497168143 0.00505119266780266 0.00135810346541548 0.732829266092209 0.0318050787120089 0.00248593663545613 0.0420657498616601 8
"6" 0.0143931353522977 0.0339715203988453 0.000767639755706186 0.0396741674929506 0.00111587392664999 0.00422906918348684 0.000808835933437031 0.861597436492553 0.0203762961943284 0.00118731761334633 0.0218787076563987 8
"7" 0.117584636114532 0.176553122604348 0.0058363771415565 0.104765053549804 0.00395368711894441 0.0204833650987224 0.00633974654657438 0.21989024007042 0.221126156368926 0.00520578807858489 0.118261827307588 2
"8" 0.0319972901085655 0.633511628780357 0.00205362341911791 0.0423456557326927 0.00185005435185812 0.0220009259469194 0.00212276701027867 0.174891838633289 0.0313361192162256 0.00179314321887449 0.056096953581822 2
"9" 0.169680574026601 0.268975974303616 0.0101576517664396 0.0878676547105089 0.00428216770388449 0.034599021895003 0.0108290262190332 0.078592524203633 0.147454528998854 0.00554837841505464 0.182012497757372 1
"10" 0.00361271942766287 0.957637049511571 0.000319417251808004 0.00355306604020647 0.00019529138233619 0.0196179122793036 0.00030132132279191 0.00367932065644374 0.00189953373287792 0.000201856519505081 0.00898251187549306 2
"11" 0.0023253603470023 0.957181094209385 0.000219637839231123 0.00467082254428215 0.000309736403935988 0.019216760892811 0.000208744917173128 0.00356460306553626 0.00112618072867714 0.000186107198847875 0.0109909518531181 2
"12" 0.00364286230440666 0.950698716695049 0.000340643404547381 0.00556629416125474 0.000370556917489888 0.0176791167133489 0.000327629296206604 0.00438180274559995 0.00176293739589168 0.000245447827623097 0.014983992538582 2
"13" 0.000217093427848727 0.996804756740937 1.89395550245197e-05 0.000317770364596231 1.81357511504981e-05 0.0013702556418893 1.81886578142169e-05 0.000406129477815687 0.000120127111849272 1.44136421440672e-05 0.000694189628930224 2
"14" 7.44812282002117e-06 0.999831411932164 6.82791516973248e-07 1.15735372739203e-05 6.70544557694647e-07 0.000104554402112532 6.42178621466752e-07 1.23240691978414e-05 3.83151705977819e-06 5.36190168988977e-07 2.63247145063433e-05 2
"15" 2.57054361410776e-06 0.999940995791912 2.37365639708305e-07 3.87663940352924e-06 2.26554038204097e-07 3.72860029070558e-05 2.22966604631957e-07 4.00250540834123e-06 1.30744451451993e-06 1.82333272206275e-07 9.09185268549017e-06 2
"16" 1.68348975040549e-05 0.999658893410915 1.55057315394058e-06 2.45390154563071e-05 1.45072845861623e-06 0.000201116980725171 1.46300400374821e-06 2.54156314291742e-05 8.58580593504904e-06 1.15717755643972e-06 5.8992774862559e-05 2
"17" 5.72197079560983e-05 0.998711838962463 5.42890858356257e-06 7.89701215102986e-05 4.81084503115534e-06 0.000825169129686151 5.08946400994737e-06 7.23469038630484e-05 2.78644246248927e-05 3.85876005566895e-06 0.000207402772215938 2
"18" 0.000543221500760532 0.991873363975942 4.8450146070801e-05 0.000645734896743365 3.62544551391035e-05 0.00420224714270027 4.58424769397191e-05 0.000724812482427275 0.000288057216461266 3.33729083039011e-05 0.00155864279851221 2
"19" 6.65080670116653e-05 0.998702579925688 6.18797746761188e-06 9.15581669070144e-05 5.4955781700371e-06 0.000761932047687184 5.83517968081223e-06 9.00994455763879e-05 3.33176245215678e-05 4.42612208065219e-06 0.000232059865208803 2
"20" 0.000192106172087251 0.996369844641268 1.7642235228415e-05 0.000320401471083627 1.95154263054431e-05 0.00188814329654496 1.67619146167007e-05 0.000322364135489129 9.82043695449843e-05 1.39513848385366e-05 0.000741064952992634 2
"21" 2.23860864495377e-05 0.999561757878338 2.02696071350862e-06 3.54280441253966e-05 2.0646227912437e-06 0.000242289471425236 1.92060382784428e-06 3.95373675125296e-05 1.17343085323953e-05 1.5966786299742e-06 7.9257977654588e-05 2
"22" 1.18407846463482e-05 0.999761616734814 1.07695645073109e-06 1.83876205369095e-05 1.07221472412274e-06 0.000136072789939452 1.01848074789269e-06 2.01691399377989e-05 6.16426217031445e-06 8.39696943995871e-07 4.17413190887628e-05 2
"23" 4.3008889836067e-05 0.998658786212074 4.16414071921616e-06 6.30655597073915e-05 3.8708917078344e-06 0.000980048648476139 3.868596031289e-06 5.36913327871424e-05 2.03908238092447e-05 3.06547384478975e-06 0.000166039431006542 2
"24" 7.49371333490915e-05 0.997328945435126 7.34322907800283e-06 0.000109399143938389 6.7649409222507e-06 0.00204173325768459 6.79411442048861e-06 8.8984441414445e-05 3.49151418577322e-05 5.37706155221932e-06 0.000294806100656733 2
"25" 0.000480875693833471 0.96972165975663 4.8295390643545e-05 0.00071895571896184 4.41535454403961e-05 0.0262143270770411 4.40238713974714e-05 0.000520673016703847 0.000215439023918955 3.64433047390575e-05 0.00195515360068981 6
"26" 1.71269842858533e-05 0.999553643976427 1.60391510765224e-06 2.52992918826653e-05 1.48583887806042e-06 0.000303830863214598 1.49814967951307e-06 2.46350994075065e-05 8.52225962894029e-06 1.21710150155968e-06 6.11365199867308e-05 2
"27" 5.48349356161833e-05 0.998660576490643 5.02349834219058e-06 8.61757671733672e-05 4.90958274545011e-06 0.000868434415262208 4.70611746330484e-06 9.15275980365297e-05 2.81949730951626e-05 4.02531622910821e-06 0.000191591305393287 2
"28" 0.000174123488067203 0.995865700694636 1.59245789352023e-05 0.0002530557305267 1.41845846969278e-05 0.00272041020680958 1.48708647735819e-05 0.000267259606904051 8.94093312976647e-05 1.23786252344377e-05 0.000572682288119009 2
"29" 0.000370493919300536 0.99029615047017 3.39021739999983e-05 0.000582451695602417 3.23195393358875e-05 0.006574753699076 3.15620964018209e-05 0.000601504201990979 0.00018961208750827 2.7841752563487e-05 0.00125940836405027 2
"30" 0.00354302505622964 0.932249114931987 0.000330416257586977 0.00834537044769013 0.000543253646260488 0.028947482905594 0.000313799379514286 0.00629067185436199 0.00174235458925913 0.00030942769824041 0.0173850832332763 2
"31" 0.0016190594997629 0.862751932201077 0.000170457088620242 0.00288509161434439 0.000194965617946856 0.121327794573678 0.000154593450930562 0.00162918035876315 0.000683332884019555 0.00013643346788459 0.00844715924297246 2
"32" 0.00258300459559557 0.668286040428423 0.00028243808725754 0.00456093697587889 0.000321017912217395 0.305523884239813 0.000253569769802128 0.00223573337219582 0.00103761015940798 0.000221818972976885 0.0146939454864322 2
"33" 0.000282345576097245 0.992986540816493 2.72805086603986e-05 0.000341903994756608 2.05812306742994e-05 0.00491471588667262 2.53013464191042e-05 0.000292936106869216 0.000133019151920317 1.8139880931127e-05 0.000957235500505978 2
"34" 3.60860790896885e-05 0.000857353628238148 4.67612703163327e-06 4.60707757966138e-05 3.44756441557367e-06 0.998790147251146 3.94888332960712e-06 1.54408040640736e-05 1.16247908871658e-05 2.94682314429721e-06 0.000228257272857526 6
"35" 8.16784231840436e-05 0.00277261344223996 1.02618186806189e-05 0.000101514748415296 7.30996933905266e-06 0.996481764743425 8.72501983949974e-06 3.72033575834236e-05 2.71328135077514e-05 6.46741350549072e-06 0.000465328250279715 6
"36" 7.65533759308409e-05 0.00193178991465652 9.68485649800631e-06 0.000104685109420295 7.69214622763856e-06 0.997316202931258 8.21200499922501e-06 3.53687535704557e-05 2.5251998377877e-05 6.52369455860316e-06 0.000478035214502446 6
"37" 2.15230522526076e-05 0.00070496543371424 2.69353964112887e-06 2.91865869362201e-05 2.13172350842884e-06 0.999086879916907 2.295001747449e-06 1.03297299474126e-05 7.21025389405231e-06 1.79787860872013e-06 0.000130986882843014 6
"38" 0.000194366487809475 0.0048304850097431 2.44965169113848e-05 0.000281911026085448 2.09645507841143e-05 0.993182564548447 2.0823167743201e-05 9.31735314678274e-05 6.45814816602917e-05 1.71125729466892e-05 0.00126952110640168 6
"39" 0.00877645390416179 0.48933009238827 0.0010110737547328 0.0171454165090448 0.00138038984950154 0.405974815840696 0.000905034316586346 0.00630894732707834 0.00330101422073359 0.000803556566126969 0.0650632053230684 6
"40" 0.0575979259842099 0.00941489691196051 0.00269545477303188 0.699260540550214 0.0080646986402956 0.00480442196106202 0.00288554909064568 0.0621131322449347 0.0554755273868312 0.0101579941356258 0.0875298583211884 4
"41" 0.0456092947213273 0.00406204225729463 0.00265732503023893 0.766364444681624 0.0109257593723367 0.00440234288966471 0.00267525251902679 0.0190276079618258 0.0218220241909093 0.0145445416446881 0.107909364731063 4
"42" 0.00515366985264807 4.75896390810566e-05 0.000287905957868421 0.964647604809613 0.00668812219277739 0.000113985471039572 0.000304045850679399 0.000696680423691488 0.00151095948717243 0.00401387573610909 0.0165355605793201 4
"43" 0.00360581777008137 2.85249373700967e-05 0.000199954042072137 0.971558336537883 0.00807815849231096 6.94902149648805e-05 0.000214576375002159 0.0004721740187008 0.0010463094483523 0.00235804968510977 0.0123686084781522 4
"44" 0.000815651823745943 1.19623278336936e-05 4.42637387205542e-05 0.99464079729562 0.00105415897789356 2.23455125646691e-05 4.72033224384799e-05 0.000146683873252357 0.000282213463726931 0.00046115775223479 0.002473561911969 4
"45" 0.00329485552172432 3.44690910727078e-05 0.000151815918847559 0.98399672133756 0.00185376028547821 6.00482568696991e-05 0.000167319221802692 0.000446465936313577 0.00116465523188861 0.00199550609443155 0.00683438310401099 4
"46" 0.00233966749819895 2.75308891853274e-05 0.00011726357237205 0.987123282509325 0.00177991171167675 5.13188695176658e-05 0.000126605037494811 0.000349255778726492 0.000796571930274788 0.00151918093677292 0.00576941126645517 4
"47" 1.53745918358881e-06 3.05349609356971e-08 7.96681617212359e-08 0.999990528923505 1.80498131446726e-06 4.5428459133975e-08 8.64495399485039e-08 3.41404505566423e-07 6.16323013389059e-07 6.44433846710855e-07 4.28439350943791e-06 4
"48" 3.05989755089757e-06 6.30172071325024e-08 1.57316340322615e-07 0.999981760279524 3.20073492756805e-06 9.19135359085437e-08 1.70588403619944e-07 6.89817859884788e-07 1.24612702031813e-06 1.29630096019067e-06 8.2640066702106e-06 4
"49" 1.12071498275299e-05 2.60531337155285e-07 5.81160565553986e-07 0.999932967861725 1.14379486337049e-05 3.65449646712703e-07 6.28256407172482e-07 2.73045277219906e-06 4.68729799663696e-06 4.60044729712673e-06 3.05334437912345e-05 4
"50" 8.18364517361021e-06 1.75447333189757e-07 4.1596748330961e-07 0.999952460616685 7.92959307520411e-06 2.47071353194366e-07 4.52158110672131e-07 1.89212628234489e-06 3.41746454125235e-06 3.35986505582383e-06 2.14660449061721e-05 4
"51" 2.97678373093571e-05 5.3258484775926e-07 1.51250447919573e-06 0.999821535677807 3.35598910065579e-05 8.0357402226917e-07 1.65099134698712e-06 6.17925959091745e-06 1.18080479460798e-05 1.25263067695293e-05 8.01233248742623e-05 4
"52" 9.78197387991081e-05 1.50894247256307e-06 5.02541976357964e-06 0.999393865037962 0.000122012815909781 2.47738720212793e-06 5.47123278582137e-06 1.84843795496009e-05 3.66008463797564e-05 4.49612219734994e-05 0.000271772977201765 4
"53" 2.68731848317572e-05 4.64613047410136e-07 1.3803816118669e-06 0.999835926567095 3.14937898265382e-05 7.26916442189329e-07 1.5010401661765e-06 5.44513632877508e-06 1.04072541335744e-05 1.19039023824435e-05 7.38772141338782e-05 4
"54" 1.08523761448388e-05 2.00061432318698e-07 5.60080351601124e-07 0.999933864805398 1.2382629600704e-05 3.07439057149238e-07 6.07580624274505e-07 2.2851118896275e-06 4.2597138453529e-06 4.78146614829672e-06 2.98987355073545e-05 4
"55" 0.000168754674823108 4.01019979863127e-06 8.31778097006215e-06 0.999093351621863 0.000124781673531193 5.20274994204158e-06 9.0731195997061e-06 4.13103550350636e-05 7.52237730205825e-05 6.62976860389146e-05 0.000403676365377942 4
"56" 0.000283682057316704 8.41869325980594e-06 1.4985754793248e-05 0.998195674825194 0.000342154369771667 1.05196077711308e-05 1.62586652001608e-05 8.32373865571099e-05 0.00012637252546807 9.54073474917079e-05 0.000823288767176362 4
"57" 0.000642823228006992 2.20355133558773e-05 3.28805650568857e-05 0.996236963669997 0.00058540170501237 2.45853028862597e-05 3.58797702160134e-05 0.000208414320271084 0.000310982787762294 0.000199443340190545 0.00170058979724466 4
"58" 0.000193060110221462 3.96953593465659e-06 1.07729802901383e-05 0.998581886557264 0.000347787822081355 6.47959383739853e-06 1.15068851088747e-05 4.4358490801124e-05 7.2913056862615e-05 8.40153612696864e-05 0.000643249606328774 4
"59" 2.37016795696234e-05 4.78582352673695e-07 1.26678500882793e-06 0.999842555875783 3.38817014104645e-05 7.37057457948363e-07 1.36665117976898e-06 5.36059493145256e-06 9.2737650765071e-06 9.99938595852832e-06 7.13779212709488e-05 4
"60" 8.42693890861489e-05 2.33598909831995e-06 4.42425079353305e-06 0.999476186912922 9.53485669877549e-05 3.02381870651427e-06 4.7914319399355e-06 2.34430715720918e-05 3.69091370595102e-05 3.0341950850081e-05 0.000238925480984019 4
"61" 1.48354824460138e-05 3.70133920894061e-07 7.74613042240429e-07 0.99990907892439 1.63167206989806e-05 5.02820641632247e-07 8.38312917295593e-07 3.8235966980405e-06 6.31764728860386e-06 5.72016777113124e-06 4.14215801856508e-05 4
"62" 3.12228632484893e-06 6.54481097471914e-08 1.6380867980314e-07 0.999980244561938 3.91102475677891e-06 9.6543400746446e-08 1.773645091197e-07 7.20674339235255e-07 1.25752337033844e-06 1.28143952320555e-06 8.95932504779637e-06 4
"63" 0.00217417993049201 8.77098798788334e-05 0.000108324786678576 0.987901891372317 0.00160883984942938 8.59622073929906e-05 0.000119155902824951 0.00079939988485443 0.0011525716228762 0.000588237256493182 0.00537372730676256 4
"64" 0.00265081144298863 0.000126632223120702 0.00013708682262754 0.984288685186343 0.00223018560199192 0.000120439965217161 0.000149717622424905 0.00109473442186562 0.00140050400538944 0.000696859902924565 0.00710434280510627 4
"65" 0.000778193339430046 1.64242738145972e-05 4.34358986530372e-05 0.993818188272825 0.00179529269213123 2.54931002420227e-05 4.68671613733761e-05 0.000186305319043369 0.00030013176618325 0.000285577116078678 0.00270409106022566 4
"66" 0.000760339019887545 1.65995320128723e-05 4.24827332218889e-05 0.993986333380818 0.001724078289874 2.5435067847065e-05 4.58140829214126e-05 0.000185772652825106 0.000295546989946983 0.000276790686354035 0.00264080756429097 4
"67" 0.00164725805183534 2.46163649436648e-05 8.9731551295267e-05 0.986829287099601 0.00414254642817212 4.23430131381625e-05 9.78758809506553e-05 0.000320655598779334 0.000592867406870146 0.00062531554691271 0.00558750305750154 4
"68" 0.00604836809924458 7.28242732542676e-05 0.000374721791189211 0.901990117579966 0.056350001161124 0.000163537864676236 0.00039915933249158 0.0011014499232515 0.00190972508065381 0.00240222157856826 0.0291878733155806 4
"69" 0.000321744708008491 5.55257155348281e-06 1.79764062799984e-05 0.997565562171258 0.000639738522218519 9.79100104755116e-06 1.92143063685634e-05 6.65960689542144e-05 0.000115826907831467 0.000149345379933337 0.00108865195654661 4
"70" 0.00160280184693278 2.11957105178844e-05 9.16977518346589e-05 0.987717304560307 0.00307369610231464 4.43674738854272e-05 9.69245569181433e-05 0.000278256076177052 0.000520922592923528 0.000935693087097509 0.00561714024109127 4
"71" 0.0106644836385996 0.000618957567553396 0.000702050086319316 0.88839534341542 0.0329072720341113 0.000763021830706034 0.000733963393643605 0.00452155596675227 0.00445760006519642 0.00276964455187971 0.053466107449818 4
"72" 0.0245665210795292 0.00161209028485639 0.00207193508495545 0.621064744748991 0.0974612542020448 0.00327988472232098 0.00202026596758139 0.00951747701538157 0.00859515575377204 0.00688753719268087 0.222923133947886 4
"73" 0.00102697033192233 3.06019610766076e-06 8.06906587874033e-05 0.0189053820254841 0.968665429205144 1.67379303855702e-05 8.25828499115335e-05 0.000116762294183506 0.000235377031811658 0.000438053742504283 0.0104289537337577 5
"74" 3.38783475821502e-05 1.3528631662539e-07 2.69820591099479e-06 0.000677696974372187 0.998901360178039 6.73019790050921e-07 2.74964017725129e-06 4.39748387652917e-06 8.21505308824906e-06 1.32785985007527e-05 0.000354917212345968 5
"75" 2.03076749019272e-05 7.76662618290194e-08 1.65467228124084e-06 0.000389034342833969 0.99934497192785 4.10635765888995e-07 1.67352740450597e-06 2.63335172172462e-06 4.88145883126341e-06 8.15037715955569e-06 0.000226204364988125 5
"76" 6.48542018914157e-05 3.05187962664681e-07 5.17244084639654e-06 0.0014891247782817 0.997715010858276 1.45063528159834e-06 5.24261349135225e-06 8.96250671385441e-06 1.61131518797273e-05 2.63576443130619e-05 0.000667405981061902 5
"77" 0.00030748026112211 1.62944899964755e-06 2.3796748826176e-05 0.00782686943558586 0.98865768052542 6.98794031431289e-06 2.43378026309027e-05 4.37649314038001e-05 7.82854187532475e-05 0.000120347956572696 0.002908819530371 5
"78" 0.0097642774386473 7.06273976913209e-05 0.000649879007983652 0.819315928832807 0.104888942613109 0.000228836141276207 0.000673004982318001 0.00137699400918954 0.00261393987897921 0.00576137644797779 0.0546561932500211 4
"79" 0.0132861330417368 6.42931114766759e-05 0.000863717903477452 0.784835069108936 0.114997863669525 0.000235236443554764 0.000901641874389757 0.00151630430099417 0.00325662294255878 0.00905065295269133 0.0709924646506588 4
"80" 0.00921339987191833 7.21985398473702e-05 0.000627769615313594 0.458845185419496 0.46287285325591 0.000217636962153653 0.000660342339013222 0.00143363082852539 0.00257624211451852 0.00356271794365622 0.0599180231096481 4
"81" 0.0118359087036637 5.9680545362794e-05 0.00077787750240944 0.580924266945833 0.325282097874793 0.000208474386902036 0.000822317120634074 0.00144744602625767 0.00300497706245424 0.00581265380112435 0.0698243000305657 5
"82" 0.0160577687959204 3.50895910792094e-05 0.00133281437618666 0.260135854410174 0.530369781104617 0.000248265334097837 0.00132339939809303 0.00161441775499342 0.00338241057183774 0.00958260064272185 0.175917598020279 11
"83" 0.138934025402392 1.50320096106765e-05 0.00939529556143673 0.143167043759986 0.0235450707630894 0.000199841888074284 0.0106122981596271 0.00238519127706597 0.0106921183954209 0.0573789735073857 0.603675109275911 10
"84" 0.502100701093543 1.39330135833024e-05 0.0466637854951745 0.0338485074283839 0.00302353370541925 0.000182988693622718 0.0509202119500645 0.00132187491069019 0.00835714389485512 0.027013447538389 0.326553872276274 11
"85" 0.965335028347382 1.0196869185485e-05 0.00332559894381769 0.00456981533984973 0.000275910751718648 4.10407770866146e-05 0.00587777141056236 0.000222341070995139 0.00248789203836799 0.00240947678238674 0.0154449276686476 1
"86" 0.891549858806536 3.64789520756293e-05 0.00746725380111204 0.0181841815847264 0.000990757799959416 0.000144197228113899 0.0107945696241353 0.000759310231758721 0.00805192785440326 0.0153298673806887 0.0466915967364907 10
"87" 0.787905108730874 2.67674577468561e-05 0.0256516776930414 0.0205709571703208 0.00140422064883542 0.000181568066460345 0.0318658086211382 0.00091443201154973 0.00716242180754839 0.0184662887732565 0.105850749019228 4
"88" 0.880805146246365 1.75212667712707e-05 0.0160761153099285 0.0110267199300409 0.000738126022003511 0.000104217480136241 0.0235675407146191 0.000525413000144572 0.00453833555914194 0.00799159510722533 0.0546092693636235 1
"89" 0.853153899580301 1.71086882940922e-05 0.0205085017152662 0.0124845475695916 0.000870961212089698 0.000112095364609369 0.0298218628361005 0.000586495745555241 0.00486076407426013 0.00897540264769973 0.0686083605662322 1
"90" 0.74068300935266 6.88981396818807e-05 0.0188587509468655 0.0373934815337918 0.00214057177525978 0.000348154526482052 0.021856578856618 0.00155974803147745 0.0127060073948538 0.0460971387251474 0.118287660717162 9
"91" 2.49645873704977e-05 1.35510548484013e-08 1.08877421500069e-06 2.90338102676217e-05 1.49246860565914e-06 7.04454564303747e-08 1.18415195423616e-06 4.23382788904921e-07 2.19272446081854e-06 0.999910065073503 2.94710303229024e-05 10
"92" 1.92449182118683e-05 1.06613367471571e-08 8.41530665401162e-07 2.32173967904994e-05 1.18996424589016e-06 5.52386651725325e-08 9.15277298711169e-07 3.32958258607011e-07 1.71459152295633e-06 0.999929408832152 2.30686308522276e-05 10
"93" 0.0010187906122004 6.1796832570064e-07 4.17929694420417e-05 0.00130982613182243 6.22893314052338e-05 2.93819438796022e-06 4.61142421233005e-05 1.79558862266433e-05 9.50361603533604e-05 0.996280119888912 0.00112451861480098 10
"94" 0.105035931286074 0.000103321747820508 0.00376886281671672 0.104651193344991 0.00383126536757887 0.000366557599362176 0.00413544094368914 0.00189604024975533 0.01112794963244 0.686372820870253 0.0787106161413191 1
"95" 0.00631706364793071 4.09930466195395e-06 0.000250608896522662 0.00679282007302745 0.000304137064031675 1.83991879835353e-05 0.000275011673042923 0.000105321823288461 0.00057762709856172 0.979295439555554 0.00605947167539459 10
"96" 0.378665258196508 0.000214687264960368 0.00805199157408228 0.166333527769716 0.00586074979017493 0.000612274184494618 0.00987790414859512 0.00367579024878961 0.0326699556587821 0.266536262808975 0.127501598354922 11
"97" 0.851702059391786 0.000130026509764038 0.00554401057144045 0.037310451093896 0.00155649031153934 0.00028561114642172 0.00818240539068971 0.00167293420665862 0.0295224445500193 0.0144400900208447 0.0496534768069404 1
"98" 0.110775462672839 0.000113087995685423 0.00396709859438626 0.340267193540543 0.0119100892501745 0.000392264392200251 0.0046146057447226 0.0028253726061009 0.0150694129354692 0.386218660143149 0.12384675212473 4
"99" 0.00942176925680841 4.88423994081552e-05 0.00045861661061599 0.945628224383326 0.00923518725646809 0.000119950148399979 0.000506576861919451 0.000888092338985319 0.00253654088868908 0.00734718243741357 0.0238090174179659 4
"100" 0.139420868934309 0.000991501755557612 0.00375258335859584 0.624416141099931 0.00858385820604263 0.00111217020307355 0.0045832504461164 0.0104306744086547 0.0892028732819428 0.0258034869229851 0.0917025913827911 4
"101" 0.106271127260843 0.00051787377043273 0.003354847646477 0.683384944198803 0.00876442137648898 0.000855245276323821 0.0038889616786604 0.00620556945849279 0.035702364897778 0.062455549662927 0.0885990947727739 4
"102" 0.0842607507635648 0.000581078238186987 0.00276337319414475 0.743732273464256 0.00787820660871945 0.000855323878419412 0.00318078136980337 0.00642378115841423 0.0338763331908356 0.041000043340582 0.0754480547930734 4
"103" 0.0522026391475806 0.000740748311915801 0.00177568483653981 0.829449766868036 0.00612245361616395 0.000791122863366198 0.00205343595310979 0.00733336694372485 0.0329619588622745 0.0147456230860192 0.0518231995112693 4
"104" 0.132085495143484 0.00221064591128093 0.00433835354556502 0.602285033245157 0.00779733741936969 0.00221866431250901 0.00490413104604595 0.0169397825867875 0.0946374213927785 0.0310745294129226 0.1015086059841 4
"105" 0.0838520877399339 9.99391984839181e-05 0.00310154178157766 0.258791501209911 0.00831448604716276 0.000340583936600038 0.00353152087147906 0.0022700408100177 0.0117672158944877 0.534489731941776 0.0934413505685704 10
"106" 0.439930903852105 0.000386871991880721 0.199346587767966 0.0230249304189534 0.00159560534109463 0.00192095337785514 0.0943728830698777 0.0025895707289937 0.0146221531614842 0.00583585527526972 0.21637368501452 3
"107" 0.43304935668651 0.0179185144666497 0.0268866673016874 0.0927137087711053 0.00425322781783852 0.0195823667082883 0.0250131576736038 0.020996344613995 0.110012778396086 0.0133356350405768 0.236238242523659 4
"108" 0.0843847406965616 0.00552651238509402 0.00257133087238829 0.0383967611634048 0.00121520371662995 0.00220282622484399 0.00298650872468258 0.0149263180497523 0.809445056002277 0.00287252579660077 0.0354722163677648 9
"109" 0.00604168551780514 0.000167632242429766 0.000148114872421598 0.00276013045906425 8.09446390371798e-05 8.2586092988481e-05 0.000180864912853442 0.000669136711578523 0.987582108942326 0.000203389213450785 0.00208340639604493 9
"110" 0.000918129285518782 1.62913537656879e-05 2.01166492125608e-05 0.000306075683742689 9.59919998921804e-06 8.84359531683002e-06 2.52409128864399e-05 6.49363569194344e-05 0.998344332121749 2.48386013218537e-05 0.000261596239577901 9
"111" 0.96867418269372 4.67301061241681e-05 0.00265667299529934 0.00388860467275505 0.000207958469641441 8.68408261807197e-05 0.00485480983146047 0.00036237428543307 0.00702496137596288 0.00083023500693638 0.0113666297364864 1
"112" 0.979411313522138 3.03588957620739e-05 0.0019181656615449 0.00247403740571249 0.000130427721160662 5.83845249802163e-05 0.0034599719370988 0.000230791177866478 0.00440811875520804 0.00057295834250973 0.00730547205601863 1
"113" 0.995414875489807 4.28500138715189e-06 0.000539028152877512 0.000480621257645348 2.68162775242634e-05 1.01691239493255e-05 0.00107045874494007 4.04115986695356e-05 0.000635506736575151 0.000129025378033473 0.00164880223859129 1
"114" 0.998103820163609 1.52110633481287e-06 0.000205370798194552 0.00022260617277593 1.22478727939102e-05 3.8482544750883e-06 0.000399406875362696 1.66020073507565e-05 0.000260396155240979 6.69758038395163e-05 0.000707204790022252 1
"115" 0.989391089622077 8.25889723269512e-06 0.000902458934934803 0.00151180795367919 8.19950112838559e-05 2.05131251414399e-05 0.00169630176422267 0.000100832443155646 0.00164953899635832 0.000446588155615284 0.00419061509629892 1
"116" 0.984768403460071 1.14853948766196e-05 0.00121230560370662 0.00229671057459262 0.000123828481955029 2.87536216647668e-05 0.00224116987557005 0.00014634252843504 0.00238671369255103 0.000690013735505299 0.00609427303107169 1
"117" 0.977438647992255 2.04854016907699e-05 0.001559925179635 0.00376760294371793 0.000189090064765181 4.70501891217148e-05 0.00269637944786627 0.000238412905770187 0.00433536395424272 0.001162427305833 0.0085446146151024 1
"118" 0.971657682465402 4.01607875616166e-05 0.00194625606906416 0.00414016634061967 0.000204164653941797 7.46319062473706e-05 0.0033400045874198 0.000338991038448183 0.00753937285567104 0.000995762885426694 0.00972280641019726 1
"119" 0.788518106783218 0.000381318692123737 0.00595627510504803 0.0388975066600517 0.00144878306819955 0.000553590079485503 0.00836982219554852 0.00285088430419426 0.0955295675983975 0.00911452530897925 0.0483796202047535 1
"120" 0.993256165649154 5.70157392065433e-06 0.000634239680281923 0.000944459944917575 4.89279791806037e-05 1.44341563331145e-05 0.00110805896304389 6.41158126085997e-05 0.00103613139333654 0.000330498104851221 0.00255726674237205 1
"121" 0.661515572105373 0.002913838931596 0.0282226577127067 0.0467428196421538 0.00225496225069437 0.00440313785310728 0.0284915433263756 0.00733095953665228 0.0699876113189683 0.00920312805903331 0.138933769263339 1
"122" 0.98913914035166 7.55313706154753e-06 0.00179992717625633 0.000807270461163827 4.68836596715872e-05 2.10381497646809e-05 0.00355196728781843 7.06500021090627e-05 0.000902639627062365 0.000240460773521932 0.00341246937391083 1
"123" 0.994711594310676 1.40187268207641e-06 0.000881037317223964 0.000328500101106265 2.06829677332353e-05 5.45079262310272e-06 0.00206626679935031 2.24828664738459e-05 0.000246880587882055 0.000125450625640351 0.00159025175860909 1
"124" 0.999237998413264 2.83731486492014e-07 0.000112570260960266 6.14080176039766e-05 3.71926262398708e-06 9.87893005392954e-07 0.000246479163190744 4.18671134459629e-06 5.02499884500161e-05 2.27881272990819e-05 0.000259328430771734 1
"125" 0.999735879464944 1.15053858215601e-07 3.68104756007409e-05 2.36619278210152e-05 1.40250839079841e-06 3.79244202777084e-07 7.76925383210907e-05 1.61743954054484e-06 2.03064684953085e-05 8.65575539474888e-06 9.34791234303844e-05 1
"126" 0.999958213380853 2.0570010483527e-08 5.70387037700196e-06 3.8559974468058e-06 2.25753885844712e-07 6.44386021308045e-08 1.19492082503949e-05 2.7124576087935e-07 3.52584400551189e-06 1.35186564970358e-06 1.48178251586271e-05 1
"127" 0.999941658456667 2.80557953594883e-08 7.95083665036503e-06 5.38423593867738e-06 3.15984406618209e-07 8.86960867930666e-08 1.66921918803164e-05 3.75734613363729e-07 4.85885753172754e-06 1.90175410814067e-06 2.07451963216452e-05 1
"128" 0.999187309447575 4.13774298293719e-07 0.000121701080315141 6.81983139855956e-05 3.98465235932557e-06 1.29140058743531e-06 0.000250856725370593 5.05502612010111e-06 6.42757176432305e-05 2.3713726510444e-05 0.000273200135235424 1
"129" 0.999750987446293 1.48659121090648e-07 3.44215454370025e-05 2.27822246788598e-05 1.31293157860623e-06 4.31328908222951e-07 7.10501389739798e-05 1.72180367461519e-06 2.33052921620894e-05 7.42761865369359e-06 8.64110105193297e-05 1
"130" 0.990124636043322 6.390604757342e-06 0.00140184276457376 0.00101119373613405 5.59606310313717e-05 1.94877973456936e-05 0.00238142356039095 7.3012315341816e-05 0.000931339932396178 0.000396074180149596 0.00359863843455699 1
"131" 0.976604649020006 1.30952445450614e-05 0.00184704922951066 0.00380326438497594 0.000201629414147043 3.90582118668531e-05 0.00314483055649689 0.000201984334037195 0.00284630933830743 0.00167515193694152 0.00962297832916578 1
"132" 0.990514369251155 6.3542284530546e-06 0.000879994124132629 0.0013731830046256 7.23764245156197e-05 1.78852804999126e-05 0.00152576542649616 8.36156705795612e-05 0.00123486760185538 0.000552389345313065 0.00373919964237408 1
"133" 0.998909196288765 6.17944265252786e-07 0.000133438048369751 0.000120271065348036 6.76910563619188e-06 1.86960023375043e-06 0.000255211672162165 8.0737702269267e-06 0.000109704857383112 4.50746640412078e-05 0.000409772983568341 1
"134" 0.9989588969714 3.94309935649663e-07 0.000147862943996014 9.05573741669242e-05 5.44601857606333e-06 1.37857761165935e-06 0.000313376029312567 5.98375715883073e-06 7.22673566300604e-05 3.48059413108613e-05 0.000369030719901664 1
"135" 0.997714819550939 8.36515096826542e-07 0.000317555841659079 0.00020861739213355 1.25204958741647e-05 3.00161908223126e-06 0.000651200790796828 1.32874441361189e-05 0.000158529070077049 8.46877820485198e-05 0.000834943498156648 1
"136" 0.998107255570751 6.70162151385124e-07 0.000271020953782718 0.000163343929706924 9.88280909154963e-06 2.41736297049153e-06 0.000570665979121143 1.05839832054243e-05 0.000125290861222431 6.48412539361536e-05 0.000674027134060601 1
"137" 0.964337579305568 7.99902008490316e-06 0.00634804297132873 0.00252313595383073 0.000159469107451324 3.68383522160695e-05 0.011294395899755 0.00015365999564831 0.00151331959587105 0.00125774743562949 0.0123678123626162 1
"138" 0.986059579463487 3.66332051067138e-06 0.00186214282946602 0.00130890954126416 8.17745727905244e-05 1.53054494559596e-05 0.00367834921906978 7.39743991124597e-05 0.000805943802337151 0.000614718034643142 0.00549563936786271 1
"139" 0.926977892970783 1.07548227773525e-05 0.015883336198888 0.00337981691792119 0.000224270854912909 5.50555204052466e-05 0.0295835414432054 0.000217723679778547 0.0019822486639069 0.00156502947852401 0.0201203294488978 1
"140" 0.982176561412092 4.29206435273122e-06 0.00324972675184721 0.00109031150408839 6.8660322480091e-05 1.80810101864825e-05 0.00668042791334154 7.23826005365419e-05 0.00074860678857484 0.000465969658821319 0.00542497997367888 3
"141" 0.965016099495342 4.84187467982107e-06 0.0056191899486838 0.0018628747746722 0.000128773996863432 2.37715750906744e-05 0.0145530612684345 0.000113810576130853 0.00110737678402018 0.000746132388220007 0.0108240673178622 1
"142" 0.980302873192319 4.24696750785621e-06 0.00284574405107639 0.00121575396353799 8.21196511710306e-05 1.72324643633322e-05 0.00772296055126387 8.08941123714951e-05 0.000860709687507542 0.000399149532843435 0.00646831582603852 1
"143" 0.94341128557586 7.43010624824526e-06 0.00856340441987501 0.00274527911077794 0.000196739845442377 3.59048917210285e-05 0.0249684190460464 0.00017560169461435 0.00168612382435738 0.000937763970554995 0.017272047514502 1
"144" 0.988414684587871 2.84178694038086e-06 0.00158125223784129 0.000897750508914647 5.88230149644659e-05 1.14239655904045e-05 0.00378682863341384 5.56673464253735e-05 0.000612095093037325 0.000326909405144707 0.00425172341985694 1
"145" 0.989177556945264 2.82595226943867e-06 0.00143823490504973 0.000882550660153322 5.74284709920141e-05 1.11210516149268e-05 0.00338570779267634 5.45395055006787e-05 0.000608687788883613 0.000319084426493228 0.00406226250110253 1
"146" 0.999706602551218 1.24471652413619e-07 3.96318849137447e-05 2.67212498104984e-05 1.59600404980962e-06 4.11241591084668e-07 8.52728358232444e-05 1.80313330035448e-06 2.27039126401514e-05 9.60792007933811e-06 0.000105524794921228 1
"147" 0.999771524221081 1.07663364097474e-07 3.00056947598166e-05 2.21727786554692e-05 1.29885202054302e-06 3.44206365601171e-07 6.21464393781013e-05 1.49905841709845e-06 1.94027909844478e-05 8.04040868669871e-06 8.34578862867549e-05 1
"148" 0.999068095277161 5.7235152176445e-07 0.000133037336225901 7.92736107096188e-05 4.61921149531328e-06 1.62268756383299e-06 0.000283848413693951 6.29078394328558e-06 8.48471181547761e-05 2.4245879434411e-05 0.000313547330095936 1
"149" 0.999786463924254 1.02448470832908e-07 2.90241467706881e-05 1.85853090265617e-05 1.11163037102563e-06 3.16481234092512e-07 6.49260267611111e-05 1.34552114841002e-06 1.74795490360457e-05 5.9915986250963e-06 7.46533643017135e-05 1
"150" 0.999998202174818 9.03580407380166e-10 2.43142180050181e-07 1.65267999268191e-07 9.69897390344469e-09 2.7876029306165e-09 5.16973272336645e-07 1.17627006730993e-08 1.54379499815175e-07 5.62085154080523e-08 6.36700857081419e-07 1
"151" 0.999960840521192 1.80146756071098e-08 5.4927807810374e-06 3.40566115002799e-06 2.02128654528356e-07 5.74803030405308e-08 1.18861058812308e-05 2.41300386545039e-07 3.07778396247277e-06 1.17754148292096e-06 1.36006815301492e-05 1
"152" 0.999992728419045 3.79961292466909e-09 9.96962161812775e-07 6.56356249685105e-07 3.84454340179114e-08 1.15277977555332e-08 2.12448785567154e-06 4.77738992829447e-08 6.30844240209339e-07 2.18648811418728e-07 2.54273489276704e-06 1
"153" 0.999999307572001 3.53932851432989e-10 9.31446884771911e-08 6.40003018632437e-08 3.75121098701232e-09 1.08361158814389e-09 1.98007455185779e-07 4.57195215913887e-09 6.03354003301383e-08 2.15978930347614e-08 2.4558155227964e-07 1
"154" 0.999997263518926 1.3770648161539e-09 3.76089153852703e-07 2.45845201334887e-07 1.44506227607485e-08 4.24141776167333e-09 8.04254387856155e-07 1.76991540382401e-08 2.3155697507209e-07 8.29433916027489e-08 9.58023705189833e-07 1
"155" 0.999976384423089 1.33187852391044e-08 3.14214510255466e-06 2.24253902029241e-06 1.29746707684573e-07 3.93586571603075e-08 6.54007088736286e-06 1.63440985152499e-07 2.21122469225708e-06 7.44460103672124e-07 8.38927197014285e-06 1
"156" 0.99992706602455 3.86972137273578e-08 9.852053968108e-06 6.56091618923885e-06 3.86272492421578e-07 1.15655049676247e-07 2.1401159202997e-05 4.82810710881502e-07 6.42929194055175e-06 2.10774703757205e-06 2.55593716450629e-05 1
"157" 0.999937433854543 3.44423844015968e-08 8.14096999133269e-06 5.95997103691479e-06 3.47856016065492e-07 1.0176694832814e-07 1.73283622987604e-05 4.31947403885279e-07 5.85371313461988e-06 1.93120646687329e-06 2.24359097755063e-05 1
"158" 0.999990850821591 4.67935592957758e-09 1.21333794468644e-06 8.6454386076191e-07 5.05548853125365e-08 1.4349353025354e-08 2.55937454252039e-06 6.1091241832537e-08 8.08483428342413e-07 2.94675978544964e-07 3.2780878186028e-06 1
"159" 0.999991128730433 4.59045658898162e-09 1.1753980784305e-06 8.32564129766013e-07 4.87646632702136e-08 1.39613511115209e-08 2.49943507111521e-06 5.93519954270498e-08 7.88606134797188e-07 2.78869434665221e-07 3.16972825199448e-06 1
"160" 0.999531375230324 1.79336579525888e-07 6.99627478178515e-05 3.60543583131136e-05 2.19214066552125e-06 6.0934087078396e-07 0.000158542753791858 2.54158448948579e-06 3.07680492619126e-05 1.26924546535531e-05 0.000155082003232632 1
"161" 0.999787397544773 8.84742535765535e-08 3.09276237931719e-05 1.69478057633581e-05 1.02403249481134e-06 2.90198529257611e-07 6.99573255075218e-05 1.21159605610361e-06 1.50294493899676e-05 5.77554339328402e-06 7.13504060463732e-05 1
"162" 0.99987194829428 5.45985555029159e-08 1.8170846633383e-05 1.06953373211774e-05 6.42947915348319e-07 1.78192093406029e-07 4.04351019435847e-05 7.54242947645455e-07 9.4487108681343e-06 3.6817907755909e-06 4.39899366659804e-05 1
"163" 0.999605976995118 1.54967305106446e-07 5.60672443705656e-05 3.18837239949181e-05 1.94246602449366e-06 5.18377821283856e-07 0.000128189466215942 2.22646336336139e-06 2.73997902843865e-05 1.09428172203134e-05 0.000134697688282108 1
"164" 0.99911738664202 3.91609282196479e-07 0.000129074574153005 6.66341648992086e-05 4.05480452407126e-06 1.23097918716317e-06 0.000304134335639929 5.02203361756023e-06 6.30102860465722e-05 2.08759775001096e-05 0.000288184593130017 1
"165" 0.997376423244529 8.18558030677451e-07 0.00040740201584603 0.000166668619652204 1.05036799967755e-05 2.90195597603004e-06 0.00103380523436988 1.20405227985026e-05 0.000139181841168127 5.5582673751943e-05 0.000794671653880879 1
"166" 0.996126578279711 1.16795078784144e-06 0.00060876966985524 0.00023158642548367 1.46941913448034e-05 4.14750740888188e-06 0.00159236593029694 1.70062659357252e-05 0.00019473825685483 7.56038122066383e-05 0.00113334171011465 1
"167" 0.998411658246378 5.16367739747537e-07 0.000230549301795322 0.000121087477971888 7.54461945602873e-06 1.85506463865503e-06 0.00054180237323048 8.16662659859993e-06 9.59681451302295e-05 4.32006904784605e-05 0.000537651086582203 1
"168" 0.990011548117394 3.72272582535276e-06 0.00167242644367978 0.000537963953123217 3.3690310729377e-05 1.20649147301023e-05 0.00432505130119936 4.42399869380759e-05 0.000513085962001195 0.000159535233269067 0.00268667105111019 1
"169" 0.997175661128474 1.80246127579954e-06 0.000401415549220431 0.000230915056750953 1.36307814483093e-05 4.95690477957105e-06 0.000887102569683246 1.90628161742643e-05 0.000257817377822861 6.55927447246293e-05 0.000942042609645512 1
"170" 0.996077687404446 2.87052462786995e-06 0.000567744057037061 0.000329143280625644 1.90283499087042e-05 7.6215639087664e-06 0.00118284703615449 2.8008583851684e-05 0.000386097984929234 9.4067549672523e-05 0.0013048836648384 1
"171" 0.963546470699158 1.60200239942528e-05 0.00669320545907005 0.00172489305146867 0.000108206510478526 4.89570663569293e-05 0.0163234195800281 0.000158317829140004 0.00177617734745279 0.000468158718391794 0.00913617371446037 1
"172" 0.959800610535435 7.98455380037398e-06 0.00746973521809402 0.00132771558785762 8.65603794806544e-05 3.05920033241701e-05 0.0218528912297099 0.000107184691092196 0.00109564908018207 0.00042340482219228 0.00779767189883178 1
"173" 0.552913295069954 2.91549576497361e-05 0.138403956083381 0.0049461816310217 0.000346271081070297 0.000147303774499178 0.25674519418173 0.000422740688654373 0.00337444350774826 0.00158412893869042 0.0410873300856004 7
"174" 0.630363920487815 2.0977806787187e-05 0.0860847127487081 0.00403913321401476 0.000282120706652256 0.000105276808435367 0.242625272929656 0.000330146324702472 0.00274899576602969 0.00133777882596049 0.032061664381239 1
